{
  "advancedEditorSelectedIdentifier" : "ProjectBrowser",
  "openSceneRelativePaths" : [
    "Immersive.usda"
  ],
  "recentIdentifiers" : {
    "AF09ED6F-1707-48FD-8720-65B998362C09" : [

    ]
  },
  "sceneCameraHistory" : {
    "AF09ED6F-1707-48FD-8720-65B998362C09" : [
      {
        "date" : 750789128.022804,
        "title" : "Untitled",
        "transform" : [
          0.8981164,
          1.8820202e-08,
          0.4397577,
          0,
          0.1878265,
          0.90419793,
          -0.3835978,
          0,
          -0.397628,
          0.42711365,
          0.812075,
          0,
          -0.1288501,
          0.098068714,
          -0.9793426,
          1
        ]
      },
      {
        "date" : 750787932.98812,
        "title" : "Untitled",
        "transform" : [
          0.89811647,
          1.9916465e-08,
          0.43975767,
          0,
          0.18782648,
          0.90419793,
          -0.3835978,
          0,
          -0.39762798,
          0.42711365,
          0.812075,
          0,
          -0.57075876,
          1.3542717,
          1.83439,
          1
        ]
      },
      {
        "date" : 750787929.335238,
        "title" : "Untitled",
        "transform" : [
          0.89811647,
          1.9916465e-08,
          0.43975767,
          0,
          0.18782648,
          0.90419793,
          -0.3835978,
          0,
          -0.39762798,
          0.42711365,
          0.812075,
          0,
          -0.4651306,
          1.7129277,
          1.6974742,
          1
        ]
      },
      {
        "date" : 750787926.309388,
        "title" : "Untitled",
        "transform" : [
          0.89811647,
          1.9916465e-08,
          0.43975767,
          0,
          0.18782648,
          0.90419793,
          -0.3835978,
          0,
          -0.39762798,
          0.42711365,
          0.812075,
          0,
          -0.4668448,
          1.714769,
          1.7009751,
          1
        ]
      },
      {
        "date" : 750787922.057638,
        "title" : "Untitled",
        "transform" : [
          0.89811647,
          1.9916465e-08,
          0.43975767,
          0,
          0.18782648,
          0.90419793,
          -0.3835978,
          0,
          -0.39762798,
          0.42711365,
          0.812075,
          0,
          -0.34846348,
          1.8616453,
          1.6816893,
          1
        ]
      },
      {
        "date" : 750787242.022294,
        "title" : "Untitled",
        "transform" : [
          0.89811647,
          1.9916465e-08,
          0.43975767,
          0,
          0.18782648,
          0.90419793,
          -0.3835978,
          0,
          -0.39762798,
          0.42711365,
          0.812075,
          0,
          -0.57560396,
          1.2847708,
          1.8738804,
          1
        ]
      },
      {
        "date" : 750787236.422253,
        "title" : "Untitled",
        "transform" : [
          0.89811647,
          -7.996377e-10,
          0.43975765,
          0,
          0.18782645,
          0.904198,
          -0.38359776,
          0,
          -0.39762798,
          0.42711362,
          0.81207514,
          0,
          -5.086916,
          4.0313873,
          9.121562,
          1
        ]
      },
      {
        "date" : 750787039.222143,
        "title" : "Untitled",
        "transform" : [
          0.89811647,
          -7.996377e-10,
          0.43975765,
          0,
          0.18782645,
          0.904198,
          -0.38359776,
          0,
          -0.39762798,
          0.42711362,
          0.81207514,
          0,
          -8.037022,
          4.217676,
          7.5790777,
          1
        ]
      },
      {
        "date" : 750787029.082825,
        "title" : "Untitled",
        "transform" : [
          0.89811647,
          -7.996377e-10,
          0.43975765,
          0,
          0.18782645,
          0.904198,
          -0.38359776,
          0,
          -0.39762798,
          0.42711362,
          0.81207514,
          0,
          -8.113447,
          2.8296967,
          8.27167,
          1
        ]
      },
      {
        "date" : 750787027.243464,
        "title" : "Untitled",
        "transform" : [
          1,
          0,
          0,
          0,
          0,
          0.8660258,
          -0.4999993,
          0,
          0,
          0.4999993,
          0.8660258,
          0,
          0.029191017,
          4.1033998,
          4.061053,
          1
        ]
      }
    ]
  }
}